208
5003 10
17526 31104 25332 83186 64002 29901 80586 22741 97303 76284
4343 10
98181 6854 2801 51840 27144 14267 30423 98499 63682 7638
8178 10
9401 81080 40436 45833 4923 53621 40020 50605 50677 96730
6886 11
18228 31876 27227 34128 73537 58564 5969 63331 98641 9162 96184
9752 10
27133 97353 51247 3775 5944 43989 27738 55576 19038 7306
5265 10
87710 89175 68284 78472 69990 48776 28968 62576 77151 23263
2700 10
4844 84961 99999 6160 25033 35481 98285 12918 62129 6407
5616 10
5202 40986 9568 63050 75437 94408 83210 81337 11907 48716
7824 11
65558 17153 96445 32687 672 88331 14521 69898 91366 37480 75796
2904 10
19713 55723 27446 60058 54135 43181 31835 94923 42921 91335
7411 10
95591 2570 44795 20950 1625 6138 26406 55583 23573 28926
2046 11
96894 2182 12494 66633 42330 61705 70810 14743 55057 54706 61720
5375 10
77236 85931 36742 93957 45291 17446 62983 66440 13374 88229
1208 10
58729 93048 8643 33345 42053 13442 90719 65113 65994 67791
5840 11
12494 39061 70067 7708 27613 9233 8068 18131 15468 62095 7579
5934 12
43197 2096 25573 93200 83879 83038 784 70280 20981 42818 10181 61008
5451 10
24619 97843 43091 96027 11394 84604 84441 98744 66624 79931
3701 10
17233 9943 60238 66766 58016 57789 40513 29363 62387 82564
5731 11
93771 32915 8135 80820 41295 20255 67876 64788 90736 70772 86939
9880 10
27620 91957 9624 89178 20255 75514 71004 96292 7240 18267
3795 10
73797 93681 16388 72062 80409 3783 28233 7354 560 63779
6545 10
51313 47027 25427 5041 77762 19365 42511 99088 46569 26779
1161 11
41509 24904 17614 57095 31630 50715 45754 83258 35684 47289 6615
1181 11
5320 29214 27377 28042 4193 28899 83554 92124 12567 78261 74718
7719 11
57356 38267 61121 54772 85654 75127 4244 93122 97224 62329 94946
4600 10
37460 8445 62439 22180 3579 69772 44640 70670 42989 36120
6071 10
14499 8331 69243 27645 85117 26744 8851 24260 89757 66149
3738 10
71841 7563 92805 3088 69821 11106 36649 10148 53900 81904
7785 11
54677 4026 41614 48557 59501 77242 35794 72110 59837 22157 46623
8454 11
95523 93451 96965 96329 40763 71938 86463 23672 42698 67245 18457
7579 10
38358 15040 4869 94876 28899 20713 13707 94363 90586 14658
7960 11
29746 61265 1014 37587 99727 92331 68218 84486 71378 35063 26691
3841 10
96588 73364 24245 16990 54245 99914 89007 73117 86874 41471
907 10
36274 22820 38694 74734 47831 65891 45218 94303 65743 41567
6855 10
11995 39570 34803 64651 46589 17193 19505 268 73913 30386
3365 10
72861 32426 63527 47270 57291 66021 23842 81015 23426 64645
9736 12
35923 93180 86185 50465 88283 26211 19710 83210 15325 46358 60246 25865
426 11
48728 5242 69733 49744 6427 63707 89569 34598 47318 98210 44266
1028 10
48004 46773 88525 98360 77170 4225 92049 44539 60552 6622
9264 11
55825 37317 64889 92647 69055 22683 77524 34349 74098 39081 77169
8948 11
39086 74142 96525 56187 80513 27993 92763 50376 73090 99039 30319
360 10
51762 9390 19893 26241 80824 80851 30215 77074 31367 18869
8872 10
86629 81690 10304 84739 42559 1970 94929 90487 10717 98611
2440 12
36019 32503 17250 95621 29022 52280 48961 273 51054 38466 44569 95859
7436 11
60441 56562 74957 78204 72142 52041 87458 15286 25505 82794 97220
1877 10
10327 10917 20303 62894 88428 24371 99188 27851 83220 24805
6196 10
43207 91079 44530 20989 37236 27731 30080 29026 93482 25940
9052 10
52633 29869 57404 45515 24534 2647 41316 23052 75108 31326
5121 12
73778 35894 87583 73338 50113 54993 54368 34109 45662 75182 53422 61370
2405 10
90529 84313 74637 23160 47038 63306 45317 12715 37131 94650
2586 11
19272 66886 44794 18470 50996 75206 24658 40783 21861 75360 63508
7009 10
68275 50675 17498 54959 57482 38511 64843 88888 90938 58430
1319 10
20108 94206 94324 97102 82124 50442 88495 16460 87614 72210
5686 10
86265 21711 21496 52100 33504 78863 19768 88281 93856 15744
4424 10
51615 99184 58302 48847 74435 85157 61867 32536 42014 70849
8497 10
73474 91021 26630 8954 62263 38485 43715 88083 99881 22007
3650 12
19999 19126 43650 9220 35380 59147 61795 53189 54281 84273 13681 84962
9398 10
63736 8754 72336 25250 35730 87093 34058 23182 70984 11800
5584 10
64606 18627 30933 61506 20196 88657 85926 26519 29637 52602
2861 10
45739 85542 72829 77738 26446 30357 34992 42335 463 70625
8186 10
4106 66406 20166 54686 80745 38853 75208 78862 75246 45298
4807 10
86516 23050 26933 33879 58409 45907 82663 7346 94077 95117
4774 11
58031 29237 81549 10565 39616 99147 96939 45243 91747 69929 58747
9784 12
78920 13793 19016 66459 38253 96746 65309 18143 43056 87305 55441 67463
1713 10
49962 56522 19008 23868 28140 29893 13334 52223 76305 75246
4700 10
37656 28501 60673 47159 118 28180 5700 42046 53230 38472
4168 10
4111 19249 10668 79056 28877 51119 47636 67116 53467 6089
516 10
93660 397 9840 445 67237 32922 73137 81719 30270 42720
4641 10
5616 45553 80228 45136 45687 91093 84080 22167 97160 3338
5788 10
8990 99655 2917 20108 58278 66444 1364 76945 59737 82821
1086 11
45867 60512 16383 76487 47250 92886 67639 42472 33845 5810 35102
8908 10
18740 9896 47608 23677 73609 17147 56085 32725 8952 69959
3370 10
22251 63608 11899 26142 89549 70702 55538 84713 11541 42678
8341 10
20698 68050 499 33179 88386 21859 18376 73888 31443 52716
4756 10
40880 84394 40473 35047 12766 96390 7485 77917 21581 77620
7651 11
58783 76550 35438 42105 41039 31415 68266 28212 65559 1786 49900
9620 11
17094 33179 50977 5576 65988 65426 78351 21016 12849 88604 13867
5500 10
43281 9536 80956 41751 36463 41031 10019 62401 37347 64847
9931 10
33918 62769 77000 36482 99481 10131 77884 66129 98582 27343
2890 11
60955 55383 53382 58072 64427 8520 58129 58257 87869 4120 59460
9386 13
37279 13613 41193 41539 88092 12559 26066 32870 93735 69034 4288 24106 60607
7368 10
56298 83691 14375 91433 40763 15296 10925 11093 18208 67270
5132 10
99999 42857 60610 25338 75137 94147 83558 94564 70823 44345
6847 12
48885 21656 1272 10242 48260 61374 30637 89984 35523 34226 12486 4527
1960 10
15752 64186 67313 63258 35270 71320 30379 90691 79988 13869
9614 10
10899 83437 81235 74250 64146 7825 29772 97583 35009 5167
4707 13
51038 61388 66824 22690 19297 60478 95990 17278 26328 32447 43031 85339 52851
9521 10
95985 55020 18293 35008 13325 88757 93273 29728 35497 94174
7862 11
67246 51312 24226 80707 56089 66736 78834 43963 2746 90271 97965
2469 10
60170 1645 27590 87765 57522 9735 97430 44522 67973 87022
4340 10
28585 23084 77230 4100 70133 23713 76662 89191 85557 37518
4820 12
16363 44794 51353 47110 76438 23528 34392 41889 7553 98860 33462 59744
6492 10
47686 86629 38826 62025 49255 66855 23251 78408 15388 28525
6593 10
32523 19759 25465 74293 81347 98187 48379 26465 43182 26860
2672 10
41583 27729 80974 54642 68276 33951 91066 44652 16339 84731
1728 10
78080 31037 42409 54790 86432 55842 45965 29283 52450 57457
1261 11
54506 51816 77177 6631 6196 98409 17080 6175 49140 46317 2438
9185 11
79431 12949 90331 7633 81550 90958 19731 59337 81321 25913 15395
3519 10
85193 38008 3037 27336 95605 67443 2556 76849 40449 2755
1468 10
54279 82582 34715 61095 57976 89902 61953 80456 99868 10708
9653 10
92205 28488 635 49136 68216 28441 81465 72267 78552 81220
272 10
49937 98302 45769 84573 47999 28170 22150 59579 2029 11580
1194 11
70957 66887 6870 34599 51139 35974 49929 61646 33091 64073 89188
6706 10
44340 74551 39496 78717 53515 93556 57944 14892 29936 71361
2920 10
40464 32054 39400 61764 41306 20742 67843 66509 12633 40314
3465 13
42777 27452 93292 32124 40282 65839 76757 41021 82230 32136 2792 32672 88976
7509 11
63925 3393 89333 62613 60032 27428 83178 49786 80803 71597 7139
2900 12
63775 64218 51805 28661 71673 15207 47321 5624 8159 314 21725 42158
4609 10
45675 27165 18618 64112 14716 88403 23197 31435 4505 98779
1523 10
49594 96746 86621 49758 42996 63727 97706 88486 61035 36569
1142 11
35688 69884 88186 63048 28156 28631 28894 71466 97972 54623 56941
3408 10
37749 60133 75755 52769 90131 1900 3429 72808 31704 56881
6618 11
78488 45396 23316 96378 25153 5349 30485 54774 69228 43613 30986
1458 12
20711 69893 25034 96190 82004 9039 26866 84185 35673 82976 57706 18413
8621 11
35203 98357 85977 43402 82447 77033 56601 15003 47268 57534 58946
6696 10
94775 5039 22969 33710 99050 69957 2360 70893 71651 12199
1958 12
25806 17895 30599 11340 68944 6851 55623 56930 57066 10476 67480 47326
6143 10
85209 7701 31317 24134 13865 92125 9630 30869 80557 5386
2310 10
96309 46331 86669 810 55317 27118 24818 33134 46866 76624
9810 10
53684 72649 95564 4726 1912 53669 7955 33464 8905 93754
2933 10
56416 22198 88362 99932 37321 51994 74500 48831 73492 7720
2809 12
44789 99563 38226 68206 19538 92864 61650 66954 79755 28638 7027 26301
7241 10
82309 19445 86107 6312 802 93149 16656 72366 19536 46762
5994 11
92442 66168 93229 1488 85291 59227 78748 91519 2344 74630 74163
7363 10
40816 91931 47600 15437 30267 41293 16559 2051 2912 80638
1070 10
29068 69810 34224 60827 59081 7092 48880 30639 1264 21838
3548 11
40089 7620 43615 85798 98495 18494 15037 49240 69461 72581 62046
6766 11
51063 93761 75995 69993 13814 7636 16929 12322 76208 21374 75920
5081 10
50315 48644 42347 89527 65323 34266 88016 57421 33825 14886
2791 13
45527 3902 94423 9113 59542 90458 35754 237 74206 79406 17202 19717 17394
2402 11
2946 92810 22988 35838 47570 12370 27663 26911 56326 17679 32211
7640 10
44156 15780 19508 56876 94561 48653 81718 55041 62715 64989
1538 11
89539 52573 41813 68919 18017 28339 47429 42143 58325 26690 65580
4822 10
2870 82017 53932 35841 65517 79628 13726 50414 12044 61574
8618 12
15525 26628 17819 92996 13828 98333 59270 55352 21205 80547 84943 43686
1808 11
70711 39342 10856 70041 49882 12640 93665 85414 17202 50031 32519
5914 10
24999 83616 14987 83888 94370 49877 98601 72362 6760 56048
9220 10
66353 27162 50226 43220 25538 6435 79747 28767 91382 66955
181 12
88702 8538 73019 97164 33637 66738 45774 704 94684 72058 50000 9526
7033 10
34038 86511 88245 39198 27009 84294 76694 52555 89838 44383
7583 12
53998 50075 1645 49646 82153 81527 45936 29251 22611 89142 56236 54750
7333 11
78098 56826 82213 58666 32378 44391 88358 54760 90071 2487 95112
3643 10
51601 97244 9988 64147 95020 1193 71226 67278 9539 47565
1029 10
2582 19794 64097 79024 7468 15258 90196 25966 52505 55391
7392 11
14046 31634 57124 99762 94898 61742 41434 12413 29265 6165 53723
5974 11
38978 49233 98932 75206 81565 84033 71643 64753 27183 21201 99226
2621 10
36375 11533 98977 80245 64707 17450 39545 91131 83088 26623
9723 10
74966 51186 78511 85706 87258 51030 53933 3612 84292 29538
3198 12
68105 74745 96959 67834 87414 65323 35538 76939 57602 66872 73616 55752
5921 11
26945 24277 10256 84411 2770 30023 18478 25341 20588 28127 60285
6477 12
54594 93840 34387 3333 73936 7617 30083 72353 93482 30467 10324 55151
5748 11
22086 77443 84193 623 54742 63530 37164 34405 72943 17808 24961
3452 10
27126 86577 8284 56571 37982 35155 90839 34800 75481 99756
8496 10
98891 43191 95932 22636 48628 66365 680 2209 69632 25958
1113 13
51111 68200 5952 52266 71738 92130 56563 29243 70689 87168 78953 47297 36323
4798 12
20972 3629 4884 45710 75410 20854 31668 11259 36368 85777 17631 63031
2777 10
96696 95646 70057 91211 28851 4753 39796 89736 21792 64730
7071 11
83596 32802 54358 83688 40860 49768 61317 93910 72570 67657 28620
2058 13
32764 85397 9370 20315 58545 36073 80998 19708 37058 96608 89966 65925 51763
4844 13
14200 15524 24410 53528 57653 72477 30271 33064 68542 92499 95477 84617 62163
5107 10
26124 16207 99782 91670 89436 71935 42282 90546 25261 74495
5961 10
63531 90312 96351 96935 28828 12167 61363 94338 7684 10454
6929 10
37857 1246 41736 74880 48522 51237 91054 27730 33361 59689
8740 12
69692 13340 93194 68423 21066 75876 41911 27141 71729 71752 90376 21042
3579 10
90558 62573 32537 42570 55338 38510 8713 91018 81517 2067
3884 11
48650 12359 67465 48563 79821 16854 29028 63567 13120 33648 35026
6594 14
50315 54261 23659 31640 23273 87680 56405 86297 84968 83086 28837 78452 62447 67175
5765 12
68457 4691 88576 21176 65957 54227 37791 66855 89199 15756 6430 86956
9425 11
52493 20210 326 34703 65094 30226 96922 53662 20963 17849 72756
1139 12
20382 63126 46215 51672 1884 41635 13159 33173 24234 59678 80578 19263
4059 10
95569 62569 88056 12229 19054 3166 23918 50230 86716 36425
6182 11
77330 60209 21690 57417 66956 39939 88616 30277 72947 63749 70106
3109 10
89613 1094 84480 70931 5398 93747 52392 90908 50905 77712
3488 13
77277 64792 15889 94169 21612 52642 40038 1852 43815 22876 15548 33760 90475
5458 10
21729 22777 98 75330 29942 80526 4456 54394 76266 98801
2322 10
73291 8874 52247 41539 78600 34641 13536 7837 82570 85273
54 16
67037 84312 25896 13920 66803 72890 42403 52778 1443 50638 97254 81349 16396 49211 24468 30585
1273 11
17672 18415 3190 57201 41680 46046 36243 91078 52543 71820 41885
6807 11
97249 21367 83763 19041 46386 12587 77372 64478 87269 73757 73011
5379 14
2764 75619 89115 81143 88736 23465 94105 76487 64056 31790 7914 44426 64738 53520
7114 12
83217 48263 51149 77367 12076 20864 62358 59063 63123 98627 62394 49845
2218 12
57756 3024 28839 48324 13093 82950 12836 30564 652 69555 72808 72893
4455 10
73018 33815 64227 79442 47501 26737 97116 74635 5262 92233
6204 12
16409 1671 63558 50036 41035 15675 52050 31934 80669 45667 69596 8963
6361 11
13515 32105 67403 98052 71015 46816 46382 23431 86726 678 29034
9557 11
5873 2858 37715 79643 86514 43903 11676 41221 67926 86649 52957
3096 10
13740 95770 62221 65066 96648 58422 8355 60856 75637 32993
7647 10
85014 68095 29782 85007 64308 23892 30432 48307 42261 23555
2164 11
76623 9943 92800 13010 12786 85486 97423 6650 33393 50051 51452
5120 10
62092 33512 45975 82536 82968 57947 21103 11032 68472 84069
979 11
49782 21633 91454 24814 42490 76561 91524 79801 48958 13850 39676
8965 10
91862 16050 99886 13636 20994 22790 81920 9911 7337 3308
5837 10
52256 42505 40756 11925 11664 95141 40840 94596 21589 46858
249 10
77473 53649 47141 50044 66696 78307 6652 97423 41377 16646
9874 11
55061 4445 28627 20303 31330 66629 7443 91647 701 64558 92765
3723 11
11245 80618 10411 28470 5802 35540 75552 2537 87323 1487 75063
4743 13
36881 78557 29155 80226 71133 68179 7474 31549 33099 2448 58776 93560 86802
7600 12
19826 84187 45701 36404 56836 44125 26732 45795 9662 48425 70632 89599
2043 10
90192 26171 20990 16894 88275 11291 52943 1349 84750 82665
9886 10
9826 79311 22603 77423 51868 78452 41278 94863 12653 98799
7775 14
49803 10611 17638 12252 65314 84415 64631 92500 92727 92260 95467 90698 16062 75428
7228 10
37230 88849 38605 686 274 29492 8623 76995 80177 70387
2511 12
49467 17467 27626 14801 6162 20550 69318 21170 24655 11350 98455 40928
3536 11
84469 26612 2153 91468 94519 7099 78188 63716 30838 82930 25393
8318 10
56074 99284 81287 66299 20925 12458 1831 92396 12456 57408
8107 13
96377 32686 43436 5915 53938 96135 43493 17453 33966 10439 5316 27140 94000
9170 11
4214 68735 62018 60642 80338 91730 31228 81701 58750 31471 57580
4934 11
2202 68410 51530 8497 2044 9905 70242 60522 61863 97024 97253